.Random.seed <-
c(403L, 10L, 1956125720L, -518816954L, -127563359L, 342767667L, 
-682560094L, 1445646484L, 234485527L, 30966029L, -8787932L, 723937290L, 
-591766155L, 417533135L, -1432133674L, -1157144704L, -2044668989L, 
527619425L, 1693428688L, 1690323758L, -612944167L, 750904555L, 
1582933338L, -1544497380L, 2133266975L, 310260341L, -1927872756L, 
-316345630L, -477108291L, -939958217L, 2142612190L, -1686989288L, 
1380956539L, 325693721L, 1233640872L, -481230506L, -1977024047L, 
-1307688573L, -1859731438L, -737004636L, -60800153L, -743253827L, 
-314367948L, -801393766L, 1590968293L, -1903654017L, 587791110L, 
423064720L, 1718437171L, -1465277743L, 636168320L, -1320758946L, 
-980031831L, -1555967653L, -2102445206L, -203804148L, 453792335L, 
-916521211L, -921471044L, -1978551662L, 1373895053L, -740302393L, 
-1529576786L, -1773270264L, 1355036939L, 621676521L, -1831083848L, 
2030028646L, -81665023L, -1792421229L, -1680542398L, 260266740L, 
-169367817L, 521922285L, 357953924L, -1247445078L, -835648235L, 
-1586810961L, 133717942L, 1251755488L, -1938432733L, 1921643073L, 
-2101830352L, -1663879346L, 2066374073L, -1124401205L, 1308963962L, 
-1413667460L, -1410449985L, 543783573L, -622106452L, 2034528898L, 
-158451107L, -1571082921L, -1668394946L, -950754184L, 1240067931L, 
1944853177L, -618973432L, 345902518L, -216050959L, 176330019L, 
-236007566L, 1492393412L, 587638151L, -875993251L, 875342164L, 
-316920966L, 1231784645L, -2144789473L, 902998950L, 1076702512L, 
1139609555L, 387251697L, 1319258912L, -20945474L, -1635164727L, 
1566278011L, -9943222L, -1866508372L, -1310237009L, 106880101L, 
538184732L, -1854201230L, 689870061L, 333352231L, 1749301582L, 
-748430936L, -1680646741L, 1527248585L, -1464733992L, -373656698L, 
-1940822431L, 1328046067L, 1675547234L, 915612884L, -1588574761L, 
-172314675L, -2041074844L, 287764298L, -1054427467L, -534893041L, 
1240006422L, -646141504L, 1875458435L, 1446821793L, 2024304528L, 
-2102176658L, -903470567L, 1448700587L, -1994658150L, 1709009500L, 
-644532385L, 2096548149L, -1428412212L, 1429328418L, -65450883L, 
-869812873L, -496960866L, -777741992L, -1183162181L, -1409966503L, 
166489576L, 214218774L, -35454063L, 83602499L, -283770030L, 1553663972L, 
-1553009113L, 1978551933L, 400551796L, 1773044570L, 1427862949L, 
-1778077249L, 1081064006L, -899655472L, 1680716531L, -1098636271L, 
-1485950400L, 1081878046L, -54234903L, -868969957L, -1627033046L, 
-2114775732L, 1943959311L, 2131507781L, 2138827772L, -1961790894L, 
-722612275L, 858966407L, -1304183698L, -69565368L, -1563746741L, 
-1603791959L, 1054972664L, -649761242L, -1674606783L, 1002982611L, 
-1161998206L, 1176055476L, -190068169L, 1528615213L, 1627415108L, 
1771978602L, -2093904939L, 407031151L, -1539868554L, 1010373536L, 
1337590883L, 1968607489L, -225731472L, -960292850L, -1086855047L, 
-735778805L, 1177733434L, -1598138308L, -934834305L, 1692386517L, 
-1422272276L, 1178669634L, 1371223453L, -1593561065L, 2136106366L, 
-1329677512L, -1031666661L, 945937785L, 908831688L, 853424118L, 
1021090353L, -944428760L, -858025716L, 1769891388L, 1190269170L, 
1938238192L, 34526020L, -1406543272L, 1658815034L, 210700016L, 
497355964L, 2109214228L, 182747330L, 1839145056L, -1791185540L, 
461126864L, 1061702690L, -601933144L, 198164364L, 1907005884L, 
1489011762L, -795900096L, -1635395404L, -1642155192L, 1556695738L, 
1187188496L, -1256277780L, 486102100L, -1145981166L, -1227148384L, 
-1594056756L, -1168725152L, 5136578L, -1092008408L, -1607133780L, 
1913573180L, -2001903758L, 1410167600L, -953572828L, 469758008L, 
-567735078L, 397590928L, -1719748868L, -181596268L, -1055661246L, 
-235218432L, 1004479036L, -1471818160L, -488631646L, -1752646840L, 
-1444144628L, 620014812L, -368889262L, 1753729152L, -1532019884L, 
-2121461272L, -2095879430L, 1453709136L, -685202388L, -1418226316L, 
-1003528558L, 1493809760L, -927575412L, -886838432L, 1097315042L, 
808573096L, 1188450508L, 428163580L, -1909719118L, 687183344L, 
2096999876L, 176584536L, 1658706810L, -1976844880L, -1062305348L, 
61743188L, -453938238L, -1320525024L, 2002245564L, 833860176L, 
674803170L, 439873896L, -531182260L, -589324036L, -1483177230L, 
-58806528L, -72614284L, 345128968L, 1731604922L, 179064784L, 
777472492L, 6268820L, -418213166L, 2144075360L, -1080351412L, 
-1743829728L, 726018690L, 1457854952L, 962297836L, 173196860L, 
1959249522L, 1592372080L, 1974348068L, -523918792L, -1894032998L, 
-445154864L, -367499844L, -1252386668L, -667323262L, -1345673792L, 
1291619132L, -709284720L, 53041954L, -369052152L, -1416764148L, 
952825244L, 179809810L, 865319808L, -1434856684L, 42103080L, 
744899642L, -1099863088L, -863004052L, -1837575628L, 948001426L, 
-1071356576L, -2103682740L, 651306976L, 1051899298L, 1481061800L, 
-1638279540L, 552566204L, 1003540082L, -517508112L, 430599748L, 
1013117016L, -273582022L, 1379229808L, 863967292L, 1396449556L, 
-786980158L, -1652988192L, -895862660L, -2147174704L, 159791522L, 
-2037471192L, -1323431156L, 1545718204L, 1681036082L, 95419072L, 
86862900L, 376303304L, 30651578L, 673207952L, 892886764L, 361482836L, 
-1156009326L, 1135393056L, -1194278452L, 323789536L, -861703998L, 
-911135704L, 351573932L, 1683430076L, 291261426L, 871839280L, 
1091780516L, 861277624L, 793855834L, -380694384L, 697727868L, 
-968007404L, -1768588990L, -1115111168L, -2036986436L, -2078154416L, 
-176695006L, 219601480L, 1043181580L, 130733660L, -1470543406L, 
1575417344L, -1072925356L, -1682969368L, 1333641466L, -1447876912L, 
-361968852L, 1618186484L, 1757518226L, 1739996512L, -1883206644L, 
676052192L, -1087167902L, -2001730392L, -1189970868L, 1630803836L, 
118954290L, 1335939696L, 1420546884L, 1669985240L, 1361773434L, 
-290453456L, 106131388L, 526623316L, 620220482L, 1368354464L, 
467002044L, -1532638256L, 2027986274L, 776527592L, -148554548L, 
1876169212L, -111591950L, -123698048L, -1277244940L, 1825364616L, 
1052101434L, 731745616L, 2050763884L, -1038965356L, -1282637742L, 
-1627947552L, -1402850100L, 73932448L, 233820546L, -1991821080L, 
182090476L, -979229380L, -895486663L, 1094924110L, 1985740188L, 
-1436672243L, 1648695671L, -1817281152L, -93660194L, -2020264789L, 
1844481965L, -757464038L, 1997433560L, -401267903L, 307467251L, 
1672044052L, 2053846946L, -1875244873L, -818359679L, -685706618L, 
1909785284L, -45833227L, -1479132577L, 1494969528L, -13981290L, 
-1825229917L, 1556621157L, 946101890L, 408861680L, 334708121L, 
-2124369013L, 1596391036L, -424315734L, -840456481L, -771802007L, 
1783338622L, 2067979884L, 1908343485L, 1420255111L, 1197673328L, 
1966733838L, 175200059L, 1733282845L, 1637287114L, -1542209560L, 
918473937L, -1829164861L, -1835540540L, -1663722382L, 1318696263L, 
-1217353455L, 554343574L, 238866932L, 1560593285L, 17484495L, 
217077704L, -733782426L, 634794131L, 1629712373L, 147270098L, 
-383798752L, 60632073L, 1084633403L, 381670540L, -1451089638L, 
-448899185L, 555739353L, -717396114L, 1410801404L, 992631917L, 
617490455L, -1214787104L, 1074011582L, -1894374517L, -1189997555L, 
86946874L, 1323299960L, 1575018529L, -278025517L, -1689359884L, 
458117762L, -1011241193L, 1917691361L, 228055846L, -176646620L, 
823644373L, -986615681L, 1886201112L, 1659214902L, -296353085L, 
1017851653L, -201874782L, 1666617488L, 53108793L, 184406251L, 
1842921948L, -354072566L, -955304193L, 823715657L, -894968610L, 
339100300L, -1742453155L, 1361792103L, -2025807472L, -262045266L, 
449246299L, -1825168323L, 286976682L, -228468920L, 629037937L, 
-774988573L, -1935690780L, -1934433518L, -1381945625L, -1422255951L, 
387128054L, 843922708L, -1882365403L, 662564655L, 44355816L, 
937341382L, -949067661L, -655865131L, 97949874L, -1156592512L, 
-30453655L, -901837605L, 1033486380L, 1807384634L, -1835761937L, 
1985401209L, 1989328398L, 1153564636L, -85641139L, -307438665L, 
-888502976L, 37078046L, 2071700203L, 1544899181L, -160064806L, 
800359064L, 89784577L, -400808269L, 892940756L, -379412254L, 
-1130571401L, -833910591L, 1097241670L, 217578372L, -1284428491L, 
